#debug=3
#name=MRS_scan_face_forward
#linvel=0.1
#angvel=0.05

10.94 -9.68 4.85  90.0 0.0 0.0 # 0-port_end_down {"pause":"true"}
10.94 -8.68 4.85  90.0 0.0 0.0 # 1-down_jem_6 {"pause":"True"}
10.94 -7.68 4.85  90.0 0.0 0.0 # 2-down_jem_5 {"holonomic":"False"}
10.94 -6.68 4.85  90.0 0.0 0.0 # 3-down_jem_4 {"faceForward":"TRUE"}
10.94 -5.68 4.85  90.0 0.0 0.0 # 4-down_jem_3
10.94 -4.68 4.85  90.0 0.0 0.0 # 5-down_jem_2
10.94 -3.68 4.85  90.0 0.0 0.0 # 6-starboard_end_down_star
10.94 -3.68 4.85  90.0 -90.0 0.0 # 7-starboard_end_aft_star
10.94 -3.68 4.85  -0.0 -90.0 0.0 # 8-starboard_end_aft_down
10.94 -3.68 4.85  -90.0 -90.0 0.0 # 9-starboard_end_aft_port
10.94 -4.68 4.85  -90.0 -90.0 0.0 # 10-aft_jem_2
10.94 -5.68 4.85  -90.0 -90.0 0.0 # 11-aft_jem_3
10.94 -6.68 4.85  -90.0 -90.0 0.0 # 12-aft_jem_4
10.94 -7.68 4.85  -90.0 -90.0 0.0 # 13-aft_jem_5
10.94 -8.68 4.85  -90.0 -90.0 0.0 # 14-aft_jem_6
10.94 -9.68 4.85  -90.0 -90.0 0.0 # 15-port_end_aft_
10.94 -9.68 4.85  0.0 0.0 90.0 # 16-port_end_port
10.94 -9.68 4.85  90.0 90.0 0.0 # 17-port_end_forward
10.94 -9.68 4.85  90.0 90.0 0.0 # 18-port_end_forward
10.94 -8.68 4.85  90.0 90.0 0.0 # 19-forward_jem_6
10.94 -7.68 4.85  90.0 90.0 0.0 # 20-forward_jem_5
10.94 -6.68 4.85  90.0 90.0 0.0 # 21-forward_jem_4
10.94 -5.68 4.85  90.0 90.0 0.0 # 22-forward_jem_3
10.94 -4.68 4.85  90.0 90.0 0.0 # 23-forward_jem_2
10.94 -3.68 4.85  90.0 90.0 0.0 # 24-starboard_end_forward_star
10.94 -3.68 4.85  -90.0 0.0 0.0 # 25-starboard_end_up_star
10.94 -3.68 4.85  -180.0 0.0 180.0 # 26-starboard_end_up_forward
10.94 -3.68 4.85  90.0 0.0 180.0 # 27-starboard_end_up_port
10.94 -4.68 4.85  90.0 0.0 180.0 # 28-up_jem_2
10.94 -5.68 4.85  90.0 0.0 180.0 # 29-up_jem_3
10.94 -6.68 4.85  90.0 0.0 180.0 # 30-up_jem_4
10.94 -7.68 4.85  90.0 0.0 180.0 # 31-up_jem_5
10.94 -8.68 4.85  90.0 0.0 180.0 # 32-up_jem_6
10.94 -9.68 4.85  90.0 0.0 180.0 # 33-port_end_up_port
10.94 -9.68 4.85  0.0 0.0 90.0 # 34-port_end_port_forward
10.94 -9.68 4.85  -90.0 0.0 90.0 # 35-port_end_port_up
